1552
12096
14145
15791
17969
20356
22804
25162
27560
30000
32342
34640
36977
39247
41445
43782
46012
47987
50032
51928
54031
56094
58359
60688
63061
65352
67261
69311
71613
73953
76244
78535
80934
83266
85606
87870
90151
92382
94663
96908
98859
100905
103046
105279
107326
109677
111935
114139
116361
118734
121031
123298
125624
128007
130439
132796
135167
137507
139925
142269
144399
146739
149094
151096
153362
155553
157818
160203
162565
164958
167147
169436
171857
174174
176370
178680
180988
183205
185667
188088
190600
193010
195471
197834
200249
202655
204864
207198
209565
211930
214224
216605
218951
221381
223724
226132
228360
230638
232999
235368
237671
240071
242338
244579
246950
249317
251675
253976
256199
258454
260731
262997
265331
267442
269617
271791
273935
276210
278452
280766
282855
284983
287072
289182
291495
293541
296088
298409
300718
303018
305309
307724
309728
311423
313534
315416
317533
319663
321912
324222
326366
328373
330492
332730
335282
337670
340005
342246
344430
346497
348635
350973
353292
355490
357695
359845
361702
363914
366011
368154
370258
372328
374504
376674
378718
380921
383016
385299
387641
389958
391684
391687
391927
392695
394639
420341
466176
512504
538500
573127
594834
666204
666240
666284
